0.97
0.58
0.90
0.09
0.81
0.91
0.27
0.20
0.40
0.66
0.94
0.12
0.21
0.90
0.86
0.43
0.70
0.33
0.09
0.62
0.68
0.52
0.36
0.30
0.05
0.81
0.82
0.38
0.75
0.32
0.32
0.05
0.57
0.93
0.27
0.66
0.92
0.41
0.27
0.00
0.65
0.72
0.52
0.55
0.69
0.79
0.53
0.59
0.54
0.06
0.32
0.45
0.94
0.80
0.89
0.75
0.70
0.69
0.26
0.92
0.21
0.40
0.00
0.09
0.20
0.83
0.65
0.23
0.58
0.94
0.65
0.59
0.53
0.49
0.75
0.08
0.75
0.23
0.36
0.68
0.66
0.85
0.96
0.84
0.05
0.98
0.86
0.01
0.39
0.52
0.24
0.07
0.22
0.23
0.00
0.39
0.72
0.11
0.19
0.08
0.31
0.94
0.08
0.67
0.20
0.39
0.19
0.01
0.22
0.34
0.82
0.72
0.03
0.85
0.63
0.53
0.86
0.36
0.19
0.47
0.50
0.00
0.09
0.61
0.08
0.75
0.62
0.67
0.93
0.47
0.06
0.27
0.24
0.63
0.88
0.28
0.49
0.64
0.71
0.18
0.38
0.79
0.71
0.52
0.70
0.96
0.89
0.76
0.46
0.92
0.63
0.59
0.89
0.64
0.01
0.81
0.81
0.98
0.59
0.10
0.58
0.40
0.96
0.28
0.77
0.35
0.04
0.97
0.08
0.13
0.98
0.81
0.31
0.93
0.24
0.69
0.29
0.40
0.56
0.50
0.69
0.35
0.67
0.65
0.72
0.52
0.39
0.39
0.65
0.00
0.99
0.91
0.45
0.33
0.10
0.91
0.58
0.60
0.33
0.20
0.47
0.28
0.44
0.71
0.59
0.63
0.49
0.80
0.87
0.19
0.12
0.60
0.87
0.65
0.16
0.15
0.73
0.37
0.24
0.32
1.00
0.18
0.14
0.92
0.92
0.36
0.19
0.13
0.30
0.00
0.71
0.40
0.32
0.62
0.61
0.60
0.59
0.34
0.16
0.06
0.39
0.18
0.27
0.75
1.00
0.97
0.58
0.54
0.89
0.93
0.58
0.55
0.01
0.94
0.74
0.31
0.97
0.38
0.74
0.79
0.81
0.21
0.70
0.79
0.55
0.01
0.63
0.52
0.58
0.15
0.07
0.20
0.18
0.06
0.84
0.10
0.00
0.48
0.83
0.92
0.65
0.96
0.86
0.86
0.59
0.84
0.13
0.56
0.75
0.12
0.38
0.52
0.67
0.62
0.20
0.51
0.98
0.22
0.56
0.78
0.55
0.07
0.82
0.90
0.83
0.10
0.65
0.90
0.82
0.78
0.73
0.16
0.03
0.86
0.34
0.17
0.85
0.04
0.65
0.71
0.27
0.28
0.01
0.08
0.78
0.91
0.94
0.97
0.16
0.11
0.39
0.00
0.78
0.52
0.21
0.62
0.09
0.90
0.55
0.89
0.44
0.32
0.83
0.93
0.20
0.27
0.32
0.26
0.25
0.39
0.31
0.75
0.14
0.27
0.77
0.47
0.81
0.32
0.40
0.22
0.36
0.10
0.57
0.41
0.99
0.41
0.42
0.26
0.17
0.35
0.70
0.70
0.88
0.25
0.71
0.68
0.46
0.00
0.11
0.69
0.90
0.70
0.12
0.14
0.37
0.59
0.50
0.80
0.04
0.21
0.02
0.69
0.97
0.71
0.85
0.78
0.13
0.77
0.33
0.31
0.17
0.92
0.40
0.72
0.74
0.99
0.18
0.82
0.65
0.38
0.16
0.12
0.01
0.92
0.95
0.37
0.20
0.96
0.95
0.98
0.62
0.06
0.37
0.32
0.51
0.76
0.42
0.32
0.53
0.54
0.41
0.56
0.73
0.51
0.25
0.26
0.25
0.39
0.94
0.79
0.43
0.64
0.68
0.17
0.83
0.22
0.70
0.79
1.00
0.42
0.90
0.07
0.13
0.68
0.08
0.48
0.90
0.70
0.86
0.79
0.17
0.68
0.87
0.86
0.50
0.83
0.81
0.09
0.47
0.83
0.00
0.58
0.78
0.67
0.06
0.73
0.68
0.92
0.26
0.84
0.78
0.82
0.62
0.44
0.05
0.69
0.25
0.67
0.36
0.15
0.81
0.17
0.06
0.87
0.71
0.34
0.39
0.16
0.75
0.13
0.32
0.59
0.13
0.18
0.40
0.10
0.98
0.95
0.42
0.31
0.12
0.77
0.63
0.87
0.02
0.04
0.64
0.35
0.63
0.61
0.15
0.44
0.98
0.50
0.03
0.79
0.09
0.33
0.84
0.58
0.73
0.64
0.48
0.91
0.23
0.44
0.62
0.34
0.59
0.74
0.86
0.56
0.90
0.15
0.75
0.85
0.08
0.26
0.41
0.17
0.12
0.13
0.91
0.03
0.02
0.57
0.88
0.10
0.59
0.86
0.21
0.83
0.96
0.85
0.16
0.75
0.82
0.82
0.86
0.40
0.48
0.18
0.16
0.97
0.56
0.37
0.30
0.19
0.93
0.08
0.89
0.95
0.95
0.20
0.93
0.90
0.94
0.61
0.69
0.50
0.12
0.36
0.40
0.60
0.43
0.04
0.63
0.71
0.43
0.21
0.07
0.39
0.72
0.95
0.75
0.03
0.02
0.48
0.20
0.02
0.64
0.32
0.74
0.37
0.46
0.88
0.47
0.88
0.80
0.60
0.29
0.31
0.47
0.85
0.44
0.61
0.19
0.84
0.93
0.57
0.21
0.79
0.72
0.46
0.62
0.68
0.42
0.62
0.03
0.53
0.25
0.93
0.57
0.94
0.79
0.05
0.25
0.29
0.94
1.00
0.20
0.37
0.14
0.61
0.75
0.78
0.52
0.45
0.36
0.69
0.81
0.14
0.44
0.00
0.45
0.36
0.98
0.94
0.73
0.81
0.44
0.54
0.48
0.12
0.53
0.20
0.04
0.43
0.43
0.45
0.07
0.48
0.93
0.73
0.13
0.13
0.55
0.80
0.45
0.81
0.54
0.08
0.62
0.46
0.41
0.43
0.89
0.22
0.11
0.78
0.23
0.04
0.79
0.25
0.65
0.97
0.68
0.03
0.46
0.43
0.20
0.70
0.73
0.71
0.67
0.06
0.58
0.34
0.94
0.90
0.36
0.36
0.41
0.48
0.93
0.43
0.14
0.44
0.96
0.81
0.09
0.32
0.29
0.46
0.10
0.67
0.81
0.72
0.37
0.95
0.95
0.86
0.02
0.84
0.75
0.49
0.20
0.84
0.36
0.03
0.29
0.49
0.53
0.56
0.30
0.65
0.58
0.69
0.08
0.61
0.17
0.28
0.03
0.63
0.08
0.44
0.22
0.30
0.17
0.62
0.20
0.82
0.78
0.14
0.78
0.08
0.18
0.23
0.50
0.84
0.15
0.16
0.96
0.67
0.78
0.90
0.63
0.63
0.48
0.95
0.59
0.98
0.93
0.34
0.36
0.54
0.57
0.32
0.89
0.55
0.75
0.20
0.04
0.57
0.10
0.71
0.28
0.56
0.10
0.04
0.41
0.34
0.94
0.80
0.19
0.34
0.79
0.68
0.37
0.87
0.93
0.86
0.80
0.94
0.09
0.31
0.77
0.93
0.75
0.88
0.94
0.84
0.38
0.41
0.43
0.50
0.55
0.03
0.90
0.41
0.64
0.83
0.19
0.30
0.04
0.95
0.80
0.07
0.01
0.78
0.33
0.77
0.82
0.15
0.22
0.17
0.95
0.54
0.45
0.17
0.43
0.72
0.75
0.53
0.70
0.66
0.40
0.91
0.85
0.89
0.26
0.48
0.51
0.16
0.19
0.34
0.36
0.21
0.94
0.44
0.70
0.16
0.81
0.01
0.93
0.99
0.45
1.00
0.95
0.19
0.78
0.33
0.08
0.10
0.36
0.95
0.34
0.85
0.91
0.23
0.14
0.11
0.95
0.66
0.66
0.58
0.41
0.34
0.04
0.18
0.54
0.55
0.05
0.89
0.90
0.47
0.85
0.94
0.81
0.33
0.12
0.80
0.46
0.86
0.99
0.00
0.43
0.33
0.69
0.08
0.03
0.68
0.27
0.82
0.85
0.42
0.68
0.70
0.42
0.26
0.10
0.65
0.98
0.74
0.54
0.46
0.39
0.12
0.59
0.24
0.85
0.81
0.99
0.70
0.51
0.86
0.40
0.71
0.94
0.02
0.39
0.10
0.15
0.97
0.66
0.23
0.88
0.65
0.14
0.79
0.68
1.00
0.59
0.78
0.68
0.36
0.38
0.41
0.10
0.78
0.88
0.51
0.65
0.61
0.18
0.15
0.00
0.23
0.84
0.47
0.42
0.03
0.27
0.45
0.25
0.19
0.12
0.86
0.51
0.31
